VEC:: Capacity: 7, Size: 7
5 |5 |5 |5 |5 |5 |5 ||
VEC:: Capacity: 14, Size: 8
5 |5 |5 |5 |5 |5 |5 |8 ||
POSITION: 90
VEC:: Capacity: 14, Size: 13
5 |5 |45 |45 |45 |45 |45 |90 |5 |5 |5 |5 |8 ||
POSITION: 45
POSITION: 5
POSITION: 5
VEC:: Capacity: 28, Size: 15
5 |5 |80 |80 |90 |45 |45 |45 |45 |90 |5 |5 |5 |5 |8 ||
VEC:: Capacity: 115, Size: 115
5 |5 |85 |85 |85 |85 |85 |85 |85 |85 |85 |85 |85 |85 |85 |85 |85 |85 |85 |85 |85 |85 |85 |85 |85 |85 |85 |85 |85 |85 |85 |85 |85 |85 |85 |85 |85 |85 |85 |85 |85 |85 |85 |85 |85 |85 |85 |85 |85 |85 |85 |85 |85 |85 |85 |85 |85 |85 |85 |85 |85 |85 |85 |85 |85 |85 |85 |85 |85 |85 |85 |85 |85 |85 |85 |85 |85 |85 |85 |85 |85 |85 |85 |85 |85 |85 |85 |85 |85 |85 |85 |85 |85 |85 |85 |85 |85 |85 |85 |85 |85 |85 |90 |80 |90 |45 |45 |45 |45 |90 |5 |5 |5 |5 |8 ||
VEC:: Capacity: 2115, Size: 2115
5 |5 |77 |77 |77 |77 |77 |77 |77 |77 |77 |77 |77 |77 |77 |77 |77 |77 |77 |77 |77 |77 |77 |77 |77 |77 |77 |77 |77 |77 |77 |77 |77 |77 |77 |77 |77 |77 |77 |77 |77 |77 |77 |77 |77 |77 |77 |77 |77 |77 |77 |77 |77 |77 |77 |77 |77 |77 |77 |77 |77 |77 |77 |77 |77 |77 |77 |77 |77 |77 |77 |77 |77 |77 |77 |77 |77 |77 |77 |77 |77 |77 |77 |77 |77 |77 |77 |77 |77 |77 |77 |77 |77 |77 |77 |77 |77 |77 |77 |77 |77 |77 |77 |77 |77 |77 |77 |77 |77 |77 |77 |77 |77 |77 |77 |77 |77 |77 |77 |77 |77 |77 |77 |77 |77 |77 |77 |77 |77 |77 |77 |77 |77 |77 |77 |77 |77 |77 |77 |77 |77 |77 |77 |77 |77 |77 |77 |77 |77 |77 |77 |77 |77 |77 |77 |77 |77 |77 |77 |77 |77 |77 |77 |77 |77 |77 |77 |77 |77 |77 |77 |77 |77 |77 |77 |77 |77 |77 |77 |77 |77 |77 |77 |77 |77 |77 |77 |77 |77 |77 |77 |77 |77 |77 |77 |77 |77 |77 |77 |77 |77 |77 |77 |77 |77 |77 |77 |77 |77 |77 |77 |77 |77 |77 |77 |77 |77 |77 |77 |77 |77 |77 |77 |77 |77 |77 |77 |77 |77 |77 |77 |77 |77 |77 |77 |77 |77 |77 |77 |77 |77 |77 |77 |77 |77 |77 |77 |77 |77 |77 |77 |77 |77 |77 |77 |77 |77 |77 |77 |77 |77 |77 |77 |77 |77 |77 |77 |77 |77 |77 |77 |77 |77 |77 |77 |77 |77 |77 |77 |77 |77 |77 |77 |77 |77 |77 |77 |77 |77 |77 |77 |77 |77 |77 |77 |77 |77 |77 |77 |77 |77 |77 |77 |77 |77 |77 |77 |77 |77 |77 |77 |77 |77 |77 |77 |77 |77 |77 |77 |77 |77 |77 |77 |77 |77 |77 |77 |77 |77 |77 |77 |77 |77 |77 |77 |77 |77 |77 |77 |77 |77 |77 |77 |77 |77 |77 |77 |77 |77 |77 |77 |77 |77 |77 |77 |77 |77 |77 |77 |77 |77 |77 |77 |77 |77 |77 |77 |77 |77 |77 |77 |77 |77 |77 |77 |77 |77 |77 |77 |77 |77 |77 |77 |77 |77 |77 |77 |77 |77 |77 |77 |77 |77 |77 |77 |77 |77 |77 |77 |77 |77 |77 |77 |77 |77 |77 |77 |77 |77 |77 |77 |77 |77 |77 |77 |77 |77 |77 |77 |77 |77 |77 |77 |77 |77 |77 |77 |77 |77 |77 |77 |77 |77 |77 |77 |77 |77 |77 |77 |77 |77 |77 |77 |77 |77 |77 |77 |77 |77 |77 |77 |77 |77 |77 |77 |77 |77 |77 |77 |77 |77 |77 |77 |77 |77 |77 |77 |77 |77 |77 |77 |77 |77 |77 |77 |77 |77 |77 |77 |77 |77 |77 |77 |77 |77 |77 |77 |77 |77 |77 |77 |77 |77 |77 |77 |77 |77 |77 |77 |77 |77 |77 |77 |77 |77 |77 |77 |77 |77 |77 |77 |77 |77 |77 |77 |77 |77 |77 |77 |77 |77 |77 |77 |77 |77 |77 |77 |77 |77 |77 |77 |77 |77 |77 |77 |77 |77 |77 |77 |77 |77 |77 |77 |77 |77 |77 |77 |77 |77 |77 |77 |77 |77 |77 |77 |77 |77 |77 |77 |77 |77 |77 |77 |77 |77 |77 |77 |77 |77 |77 |77 |77 |77 |77 |77 |77 |77 |77 |77 |77 |77 |77 |77 |77 |77 |77 |77 |77 |77 |77 |77 |77 |77 |77 |77 |77 |77 |77 |77 |77 |77 |77 |77 |77 |77 |77 |77 |77 |77 |77 |77 |77 |77 |77 |77 |77 |77 |77 |77 |77 |77 |77 |77 |77 |77 |77 |77 |77 |77 |77 |77 |77 |77 |77 |77 |77 |77 |77 |77 |77 |77 |77 |77 |77 |77 |77 |77 |77 |77 |77 |77 |77 |77 |77 |77 |77 |77 |77 |77 |77 |77 |77 |77 |77 |77 |77 |77 |77 |77 |77 |77 |77 |77 |77 |77 |77 |77 |77 |77 |77 |77 |77 |77 |77 |77 |77 |77 |77 |77 |77 |77 |77 |77 |77 |77 |77 |77 |77 |77 |77 |77 |77 |77 |77 |77 |77 |77 |77 |77 |77 |77 |77 |77 |77 |77 |77 |77 |77 |77 |77 |77 |77 |77 |77 |77 |77 |77 |77 |77 |77 |77 |77 |77 |77 |77 |77 |77 |77 |77 |77 |77 |77 |77 |77 |77 |77 |77 |77 |77 |77 |77 |77 |77 |77 |77 |77 |77 |77 |77 |77 |77 |77 |77 |77 |77 |77 |77 |77 |77 |77 |77 |77 |77 |77 |77 |77 |77 |77 |77 |77 |77 |77 |77 |77 |77 |77 |77 |77 |77 |77 |77 |77 |77 |77 |77 |77 |77 |77 |77 |77 |77 |77 |77 |77 |77 |77 |77 |77 |77 |77 |77 |77 |77 |77 |77 |77 |77 |77 |77 |77 |77 |77 |77 |77 |77 |77 |77 |77 |77 |77 |77 |77 |77 |77 |77 |77 |77 |77 |77 |77 |77 |77 |77 |77 |77 |77 |77 |77 |77 |77 |77 |77 |77 |77 |77 |77 |77 |77 |77 |77 |77 |77 |77 |77 |77 |77 |77 |77 |77 |77 |77 |77 |77 |77 |77 |77 |77 |77 |77 |77 |77 |77 |77 |77 |77 |77 |77 |77 |77 |77 |77 |77 |77 |77 |77 |77 |77 |77 |77 |77 |77 |77 |77 |77 |77 |77 |77 |77 |77 |77 |77 |77 |77 |77 |77 |77 |77 |77 |77 |77 |77 |77 |77 |77 |77 |77 |77 |77 |77 |77 |77 |77 |77 |77 |77 |77 |77 |77 |77 |77 |77 |77 |77 |77 |77 |77 |77 |77 |77 |77 |77 |77 |77 |77 |77 |77 |77 |77 |77 |77 |77 |77 |77 |77 |77 |77 |77 |77 |77 |77 |77 |77 |77 |77 |77 |77 |77 |77 |77 |77 |77 |77 |77 |77 |77 |77 |77 |77 |77 |77 |77 |77 |77 |77 |77 |77 |77 |77 |77 |77 |77 |77 |77 |77 |77 |77 |77 |77 |77 |77 |77 |77 |77 |77 |77 |77 |77 |77 |77 |77 |77 |77 |77 |77 |77 |77 |77 |77 |77 |77 |77 |77 |77 |77 |77 |77 |77 |77 |77 |77 |77 |77 |77 |77 |77 |77 |77 |77 |77 |77 |77 |77 |77 |77 |77 |77 |77 |77 |77 |77 |77 |77 |77 |77 |77 |77 |77 |77 |77 |77 |77 |77 |77 |77 |77 |77 |77 |77 |77 |77 |77 |77 |77 |77 |77 |77 |77 |77 |77 |77 |77 |77 |77 |77 |77 |77 |77 |77 |77 |77 |77 |77 |77 |77 |77 |77 |77 |77 |77 |77 |77 |77 |77 |77 |77 |77 |77 |77 |77 |77 |77 |77 |77 |77 |77 |77 |77 |77 |77 |77 |77 |77 |77 |77 |77 |77 |77 |77 |77 |77 |77 |77 |77 |77 |77 |77 |77 |77 |77 |77 |77 |77 |77 |77 |77 |77 |77 |77 |77 |77 |77 |77 |77 |77 |77 |77 |77 |77 |77 |77 |77 |77 |77 |77 |77 |77 |77 |77 |77 |77 |77 |77 |77 |77 |77 |77 |77 |77 |77 |77 |77 |77 |77 |77 |77 |77 |77 |77 |77 |77 |77 |77 |77 |77 |77 |77 |77 |77 |77 |77 |77 |77 |77 |77 |77 |77 |77 |77 |77 |77 |77 |77 |77 |77 |77 |77 |77 |77 |77 |77 |77 |77 |77 |77 |77 |77 |77 |77 |77 |77 |77 |77 |77 |77 |77 |77 |77 |77 |77 |77 |77 |77 |77 |77 |77 |77 |77 |77 |77 |77 |77 |77 |77 |77 |77 |77 |77 |77 |77 |77 |77 |77 |77 |77 |77 |77 |77 |77 |77 |77 |77 |77 |77 |77 |77 |77 |77 |77 |77 |77 |77 |77 |77 |77 |77 |77 |77 |77 |77 |77 |77 |77 |77 |77 |77 |77 |77 |77 |77 |77 |77 |77 |77 |77 |77 |77 |77 |77 |77 |77 |77 |77 |77 |77 |77 |77 |77 |77 |77 |77 |77 |77 |77 |77 |77 |77 |77 |77 |77 |77 |77 |77 |77 |77 |77 |77 |77 |77 |77 |77 |77 |77 |77 |77 |77 |77 |77 |77 |77 |77 |77 |77 |77 |77 |77 |77 |77 |77 |77 |77 |77 |77 |77 |77 |77 |77 |77 |77 |77 |77 |77 |77 |77 |77 |77 |77 |77 |77 |77 |77 |77 |77 |77 |77 |77 |77 |77 |77 |77 |77 |77 |77 |77 |77 |77 |77 |77 |77 |77 |77 |77 |77 |77 |77 |77 |77 |77 |77 |77 |77 |77 |77 |77 |77 |77 |77 |77 |77 |77 |77 |77 |77 |77 |77 |77 |77 |77 |77 |77 |77 |77 |77 |77 |77 |77 |77 |77 |77 |77 |77 |77 |77 |77 |77 |77 |77 |77 |77 |77 |77 |77 |77 |77 |77 |77 |77 |77 |77 |77 |77 |77 |77 |77 |77 |77 |77 |77 |77 |77 |77 |77 |77 |77 |77 |77 |77 |77 |77 |77 |77 |77 |77 |77 |77 |77 |77 |77 |77 |77 |77 |77 |77 |77 |77 |77 |77 |77 |77 |77 |77 |77 |77 |77 |77 |77 |77 |77 |77 |77 |77 |77 |77 |77 |77 |77 |77 |77 |77 |77 |77 |77 |77 |77 |77 |77 |77 |77 |77 |77 |77 |77 |77 |77 |77 |77 |77 |77 |77 |77 |77 |77 |77 |77 |77 |77 |77 |77 |77 |77 |77 |77 |77 |77 |77 |77 |77 |77 |77 |77 |77 |77 |77 |77 |77 |77 |77 |77 |77 |77 |77 |77 |77 |77 |77 |77 |77 |77 |77 |77 |77 |77 |77 |77 |77 |77 |77 |77 |77 |77 |77 |77 |77 |77 |77 |77 |77 |77 |77 |77 |77 |77 |77 |77 |77 |77 |77 |77 |77 |77 |77 |77 |77 |77 |77 |77 |77 |77 |77 |77 |77 |77 |77 |77 |77 |77 |77 |77 |77 |77 |77 |77 |77 |77 |77 |77 |77 |77 |77 |77 |77 |77 |77 |77 |77 |77 |77 |77 |77 |77 |77 |77 |77 |77 |77 |77 |77 |77 |77 |77 |77 |77 |77 |77 |77 |77 |77 |77 |77 |77 |77 |77 |77 |77 |77 |77 |77 |77 |77 |77 |77 |77 |77 |77 |77 |77 |77 |77 |77 |77 |77 |77 |77 |77 |77 |77 |77 |77 |77 |77 |77 |77 |77 |77 |77 |77 |77 |77 |77 |77 |77 |77 |77 |77 |77 |77 |77 |77 |77 |77 |77 |77 |77 |77 |77 |77 |77 |77 |77 |77 |77 |77 |77 |77 |77 |77 |77 |77 |77 |77 |77 |77 |77 |77 |77 |77 |77 |77 |77 |77 |77 |77 |77 |77 |77 |77 |77 |77 |77 |77 |77 |77 |77 |77 |77 |77 |77 |77 |77 |77 |77 |77 |77 |77 |77 |77 |77 |77 |77 |77 |77 |77 |77 |77 |77 |77 |77 |77 |77 |77 |77 |77 |77 |77 |77 |77 |77 |77 |77 |77 |77 |77 |77 |77 |77 |77 |77 |77 |77 |77 |77 |77 |77 |77 |77 |77 |77 |77 |77 |77 |77 |77 |77 |77 |77 |77 |77 |77 |77 |77 |77 |77 |77 |77 |77 |77 |77 |77 |77 |77 |77 |77 |77 |77 |77 |77 |77 |77 |77 |77 |77 |77 |77 |77 |77 |77 |77 |77 |77 |77 |77 |77 |77 |77 |77 |77 |77 |77 |77 |77 |77 |77 |77 |77 |77 |77 |77 |77 |77 |77 |77 |77 |77 |77 |77 |77 |77 |77 |77 |77 |77 |77 |77 |77 |77 |77 |77 |77 |77 |77 |77 |77 |77 |77 |77 |77 |77 |77 |77 |77 |77 |77 |77 |77 |77 |77 |77 |77 |77 |77 |77 |77 |77 |77 |77 |77 |77 |77 |77 |77 |77 |77 |77 |77 |77 |77 |77 |77 |77 |77 |77 |77 |77 |77 |77 |77 |77 |77 |77 |77 |77 |77 |77 |77 |77 |77 |77 |77 |77 |77 |77 |77 |77 |77 |77 |77 |77 |77 |77 |77 |77 |77 |77 |77 |77 |77 |77 |77 |77 |77 |77 |77 |77 |77 |77 |77 |77 |77 |77 |77 |77 |77 |77 |90 |85 |85 |85 |85 |85 |85 |85 |85 |85 |85 |85 |85 |85 |85 |85 |85 |85 |85 |85 |85 |85 |85 |85 |85 |85 |85 |85 |85 |85 |85 |85 |85 |85 |85 |85 |85 |85 |85 |85 |85 |85 |85 |85 |85 |85 |85 |85 |85 |85 |85 |85 |85 |85 |85 |85 |85 |85 |85 |85 |85 |85 |85 |85 |85 |85 |85 |85 |85 |85 |85 |85 |85 |85 |85 |85 |85 |85 |85 |85 |85 |85 |85 |85 |85 |85 |85 |85 |85 |85 |85 |85 |85 |85 |85 |85 |85 |85 |85 |85 |90 |80 |90 |45 |45 |45 |45 |90 |5 |5 |5 |5 |8 ||
